image: company_map.png
resolution: 0.050000
origin: [-7.843698, -13.472847, 0.000000]
negate: 0
occupied_thresh: 0.65
free_thresh: 0.196

