image: company_map0616_new.png
resolution: 0.050000
origin: [-7.783055, -13.884370, 0.000000]
negate: 0
occupied_thresh: 0.65
free_thresh: 0.196

